#match
25, 25, 25, 25, 25, 25, 25, 25, 26, 26, 26, 27, 27, 28, 28, 29, 29, 30, 30, 31, 32, 32, 33, 33, 34, 34, 35, 35, 36, 36, 37, 37, 37, 38, 38, 39, 39, 39, 40, 40, 40
25, 25, 25, 25, 25, 25, 25, 25, 26, 26, 26, 27, 27, 28, 28, 29, 29, 30, 30, 31, 32, 32, 33, 33, 34, 34, 35, 35, 36, 36, 37, 37, 37, 38, 38, 39, 39, 39, 40, 40, 40
25, 25, 25, 25, 25, 25, 25, 25, 26, 26, 26, 27, 27, 28, 28, 29, 29, 30, 30, 31, 32, 32, 33, 33, 34, 34, 35, 35, 36, 36, 37, 37, 37, 38, 38, 39, 39, 39, 40, 40, 40
25, 25, 25, 25, 25, 25, 25, 25, 25, 26, 26, 26, 27, 27, 28, 28, 29, 29, 30, 30, 31, 32, 32, 33, 33, 34, 34, 35, 35, 36, 36, 37, 37, 37, 38, 38, 39, 39, 39, 40, 40
25, 25, 25, 25, 25, 25, 25, 25, 25, 25, 25, 26, 26, 27, 27, 28, 28, 29, 29, 30, 31, 31, 32, 32, 33, 33, 34, 34, 35, 35, 36, 36, 37, 37, 37, 38, 38, 39, 39, 39, 40
25, 25, 25, 25, 25, 25, 25, 25, 25, 25, 25, 25, 26, 26, 27, 27, 28, 28, 29, 30, 30, 31, 31, 32, 33, 33, 34, 34, 35, 35, 35, 36, 36, 37, 37, 38, 38, 38, 39, 39, 40
25, 25, 25, 25, 25, 25, 25, 25, 25, 25, 25, 25, 26, 26, 26, 27, 27, 28, 29, 29, 30, 30, 31, 32, 32, 33, 33, 34, 34, 35, 35, 36, 36, 36, 37, 37, 38, 38, 38, 39, 39
25, 25, 25, 25, 25, 25, 25, 25, 25, 25, 25, 25, 25, 26, 26, 27, 27, 28, 28, 29, 30, 30, 31, 31, 32, 33, 33, 34, 34, 34, 35, 35, 36, 36, 37, 37, 37, 38, 38, 39, 39
25, 25, 25, 25, 25, 25, 25, 25, 25, 25, 25, 25, 25, 26, 26, 27, 27, 28, 28, 29, 30, 30, 31, 31, 32, 32, 33, 33, 34, 34, 35, 35, 36, 36, 36, 37, 37, 38, 38, 39, 39
25, 25, 25, 25, 25, 25, 25, 25, 25, 25, 25, 25, 25, 26, 26, 27, 27, 28, 28, 29, 29, 30, 31, 31, 32, 32, 33, 33, 34, 34, 35, 35, 35, 36, 36, 37, 37, 38, 38, 39, 39
26, 26, 26, 25, 25, 25, 25, 25, 25, 25, 25, 25, 25, 26, 26, 27, 27, 28, 28, 29, 29, 30, 31, 31, 32, 32, 33, 33, 34, 34, 34, 35, 35, 36, 36, 37, 37, 38, 38, 39, 39
26, 26, 26, 26, 26, 25, 25, 25, 25, 25, 25, 25, 26, 26, 26, 27, 27, 28, 28, 29, 30, 30, 31, 31, 32, 32, 33, 33, 33, 34, 34, 35, 35, 36, 36, 37, 37, 38, 38, 39, 39
27, 27, 27, 26, 26, 26, 26, 25, 25, 25, 26, 26, 26, 26, 27, 27, 27, 28, 29, 29, 30, 30, 31, 31, 32, 32, 33, 33, 33, 34, 34, 35, 35, 36, 36, 36, 37, 37, 38, 39, 39
27, 27, 27, 27, 26, 26, 26, 26, 26, 26, 26, 26, 26, 27, 27, 27, 28, 28, 29, 29, 30, 30, 31, 32, 32, 32, 33, 33, 34, 34, 34, 35, 35, 36, 36, 36, 37, 37, 38, 39, 39
28, 28, 28, 27, 27, 27, 27, 26, 26, 26, 26, 26, 27, 27, 27, 28, 28, 29, 29, 30, 30, 31, 31, 32, 32, 33, 33, 33, 34, 34, 34, 35, 35, 36, 36, 36, 37, 37, 38, 39, 39
29, 29, 29, 28, 28, 27, 27, 27, 27, 27, 27, 27, 27, 27, 28, 28, 28, 29, 29, 30, 30, 31, 31, 32, 32, 33, 33, 33, 34, 34, 35, 35, 35, 36, 36, 37, 37, 37, 38, 39, 39
29, 29, 29, 29, 28, 28, 28, 28, 27, 27, 27, 28, 28, 28, 28, 29, 29, 29, 30, 30, 31, 31, 32, 32, 33, 33, 33, 34, 34, 34, 35, 35, 35, 36, 36, 37, 37, 38, 38, 39, 39
30, 30, 30, 29, 29, 29, 28, 28, 28, 28, 28, 28, 28, 28, 29, 29, 29, 30, 30, 31, 31, 32, 32, 33, 33, 33, 34, 34, 34, 35, 35, 35, 36, 36, 36, 37, 37, 38, 38, 39, 39
30, 30, 30, 30, 30, 29, 29, 29, 29, 29, 29, 29, 29, 29, 29, 29, 30, 30, 31, 31, 32, 32, 33, 33, 33, 34, 34, 34, 35, 35, 35, 35, 36, 36, 36, 37, 37, 38, 38, 39, 39
31, 31, 31, 31, 30, 30, 30, 29, 29, 29, 29, 29, 29, 30, 30, 30, 30, 31, 31, 32, 32, 33, 33, 33, 34, 34, 34, 35, 35, 35, 35, 36, 36, 36, 37, 37, 37, 38, 38, 39, 39
32, 32, 32, 31, 31, 30, 30, 30, 30, 30, 30, 30, 30, 30, 30, 30, 31, 31, 32, 32, 33, 33, 34, 34, 34, 35, 35, 35, 35, 35, 36, 36, 36, 36, 37, 37, 37, 38, 38, 39, 39
32, 32, 32, 32, 31, 31, 31, 31, 30, 30, 30, 30, 30, 31, 31, 31, 31, 32, 32, 33, 33, 34, 34, 34, 35, 35, 35, 35, 36, 36, 36, 36, 36, 37, 37, 37, 38, 38, 38, 39, 40
33, 33, 33, 32, 32, 32, 31, 31, 31, 31, 31, 31, 31, 31, 31, 32, 32, 32, 33, 33, 34, 34, 35, 35, 35, 36, 36, 36, 36, 36, 36, 36, 37, 37, 37, 37, 38, 38, 39, 39, 40
34, 34, 34, 33, 33, 32, 32, 32, 32, 32, 31, 31, 32, 32, 32, 32, 32, 33, 33, 33, 34, 34, 35, 35, 36, 36, 36, 36, 36, 36, 37, 37, 37, 37, 37, 38, 38, 38, 39, 39, 40
34, 34, 34, 34, 33, 33, 33, 32, 32, 32, 32, 32, 32, 32, 32, 33, 33, 33, 33, 34, 34, 35, 35, 36, 36, 36, 37, 37, 37, 37, 37, 37, 37, 37, 37, 38, 38, 38, 39, 39, 40
35, 35, 35, 34, 34, 33, 33, 33, 33, 33, 33, 33, 33, 33, 33, 33, 33, 34, 34, 34, 35, 35, 36, 36, 37, 37, 37, 37, 37, 37, 37, 37, 37, 37, 38, 38, 38, 39, 39, 39, 40
35, 35, 35, 35, 34, 34, 34, 34, 33, 33, 33, 33, 33, 33, 33, 34, 34, 34, 34, 35, 35, 36, 36, 37, 37, 37, 37, 37, 37, 37, 37, 37, 37, 38, 38, 38, 38, 39, 39, 40, 40
36, 36, 36, 35, 35, 35, 34, 34, 34, 34, 34, 34, 34, 34, 34, 34, 34, 34, 35, 35, 36, 36, 36, 37, 37, 37, 37, 37, 37, 37, 37, 37, 37, 38, 38, 38, 38, 39, 39, 40, 40
36, 36, 36, 36, 35, 35, 35, 35, 34, 34, 34, 34, 34, 34, 34, 34, 35, 35, 35, 36, 36, 36, 37, 37, 37, 37, 38, 38, 38, 38, 38, 38, 38, 38, 38, 38, 39, 39, 39, 40, 40
37, 37, 37, 36, 36, 36, 35, 35, 35, 35, 35, 35, 35, 35, 35, 35, 35, 35, 36, 36, 36, 37, 37, 37, 37, 38, 38, 38, 38, 38, 38, 38, 38, 38, 38, 38, 39, 39, 39, 40, 40
37, 37, 37, 37, 36, 36, 36, 36, 35, 35, 35, 35, 35, 35, 35, 35, 35, 36, 36, 36, 36, 37, 37, 37, 38, 38, 38, 38, 38, 38, 38, 38, 38, 38, 38, 38, 39, 39, 39, 40, 40
38, 38, 38, 37, 37, 37, 36, 36, 36, 36, 36, 36, 36, 36, 36, 36, 36, 36, 36, 36, 37, 37, 37, 38, 38, 38, 38, 38, 38, 38, 38, 38, 38, 38, 38, 39, 39, 39, 39, 40, 40
38, 38, 38, 38, 37, 37, 37, 37, 36, 36, 36, 36, 36, 36, 36, 36, 36, 36, 37, 37, 37, 37, 38, 38, 38, 38, 38, 38, 38, 38, 38, 38, 38, 38, 38, 39, 39, 39, 39, 40, 40
39, 39, 39, 38, 38, 37, 37, 37, 37, 37, 37, 36, 36, 36, 36, 37, 37, 37, 37, 37, 37, 38, 38, 38, 38, 38, 38, 38, 38, 38, 38, 38, 38, 39, 39, 39, 39, 39, 39, 40, 40
39, 39, 39, 39, 38, 38, 38, 37, 37, 37, 37, 37, 37, 37, 37, 37, 37, 37, 37, 37, 38, 38, 38, 38, 38, 38, 38, 38, 39, 39, 39, 39, 39, 39, 39, 39, 39, 39, 39, 40, 40
39, 39, 39, 39, 39, 38, 38, 38, 38, 38, 38, 37, 37, 37, 37, 37, 37, 37, 38, 38, 38, 38, 38, 38, 39, 39, 39, 39, 39, 39, 39, 39, 39, 39, 39, 39, 39, 39, 39, 40, 40
40, 40, 40, 39, 39, 39, 39, 38, 38, 38, 38, 38, 38, 38, 38, 38, 38, 38, 38, 38, 38, 38, 39, 39, 39, 39, 39, 39, 39, 39, 39, 39, 39, 39, 39, 39, 39, 39, 39, 40, 40
40, 40, 40, 40, 39, 39, 39, 39, 39, 39, 38, 38, 38, 38, 38, 38, 38, 38, 38, 38, 39, 39, 39, 39, 39, 39, 39, 39, 39, 39, 39, 39, 39, 39, 39, 39, 39, 39, 39, 40, 40
40, 40, 40, 40, 40, 40, 39, 39, 39, 39, 39, 39, 39, 39, 39, 39, 39, 39, 39, 39, 39, 39, 39, 39, 39, 39, 39, 39, 39, 39, 39, 39, 39, 39, 39, 39, 39, 39, 40, 40, 40
40, 40, 40, 40, 40, 40, 40, 40, 40, 39, 39, 39, 39, 39, 39, 39, 39, 39, 39, 39, 39, 40, 40, 40, 40, 40, 40, 40, 40, 40, 40, 40, 40, 40, 40, 40, 40, 40, 40, 40, 40
40, 40, 40, 40, 40, 40, 40, 40, 40, 40, 40, 40, 40, 40, 40, 40, 40, 40, 40, 40, 40, 40, 40, 40, 40, 40, 40, 40, 40, 40, 40, 40, 40, 40, 40, 40, 40, 40, 40, 40, 40

#mismatch
0, 0, 0, 0, 0, 0, 0, 0, 0, 0, 0, 0, 0, 0, 0, 0, 1, 1, 1, 1, 2, 2, 7, 10, 12, 13, 15, 16, 18, 19, 20, 21, 23, 25, 27, 29, 31, 33, 35, 37, 39
0, 0, 0, 0, 0, 0, 0, 0, 0, 0, 0, 0, 0, 0, 0, 0, 1, 1, 1, 1, 2, 2, 7, 10, 12, 13, 15, 16, 18, 19, 20, 21, 23, 25, 27, 29, 31, 33, 35, 37, 39
0, 0, 0, 0, 0, 0, 0, 0, 0, 0, 0, 0, 0, 0, 0, 0, 1, 1, 1, 1, 2, 2, 7, 10, 12, 13, 15, 16, 18, 19, 20, 21, 23, 25, 27, 29, 31, 33, 35, 37, 39
0, 0, 0, 0, 0, 0, 0, 0, 0, 0, 0, 0, 0, 0, 0, 0, 1, 1, 1, 1, 2, 2, 6, 9, 11, 13, 14, 16, 17, 18, 20, 21, 22, 24, 26, 29, 31, 33, 35, 37, 38
0, 0, 0, 0, 0, 0, 0, 0, 0, 0, 0, 0, 0, 0, 0, 0, 1, 1, 1, 1, 2, 2, 5, 8, 11, 12, 14, 15, 17, 18, 19, 20, 22, 23, 25, 28, 30, 32, 34, 36, 38
0, 0, 0, 0, 0, 0, 0, 0, 0, 0, 0, 0, 0, 0, 0, 0, 1, 1, 1, 1, 2, 2, 4, 8, 10, 12, 13, 15, 16, 17, 19, 20, 21, 23, 25, 27, 29, 31, 33, 35, 37
0, 0, 0, 0, 0, 0, 0, 0, 0, 0, 0, 0, 0, 0, 0, 0, 1, 1, 1, 1, 2, 2, 3, 7, 9, 11, 13, 14, 16, 17, 18, 19, 21, 22, 24, 26, 28, 31, 33, 35, 37
0, 0, 0, 0, 0, 0, 0, 0, 0, 0, 0, 0, 0, 0, 0, 0, 1, 1, 1, 1, 2, 2, 2, 6, 9, 11, 12, 14, 15, 16, 18, 19, 20, 21, 23, 25, 27, 30, 32, 34, 36
0, 0, 0, 0, 0, 0, 0, 0, 0, 0, 0, 0, 0, 0, 0, 1, 1, 1, 1, 1, 1, 2, 2, 5, 8, 10, 12, 13, 14, 16, 17, 18, 19, 21, 22, 24, 26, 29, 31, 34, 36
0, 0, 0, 0, 0, 0, 0, 0, 0, 0, 0, 0, 0, 0, 0, 1, 1, 1, 1, 1, 1, 2, 2, 4, 7, 9, 11, 12, 14, 15, 16, 18, 19, 20, 22, 23, 25, 28, 31, 33, 35
0, 0, 0, 0, 0, 0, 0, 0, 0, 0, 0, 0, 0, 0, 0, 1, 1, 1, 1, 1, 1, 2, 2, 2, 6, 8, 10, 12, 13, 15, 16, 17, 18, 20, 21, 23, 25, 27, 30, 32, 34
0, 0, 0, 0, 0, 0, 0, 0, 0, 0, 0, 0, 0, 0, 1, 1, 1, 1, 1, 1, 1, 2, 2, 2, 5, 8, 10, 11, 13, 14, 15, 17, 18, 19, 20, 22, 24, 26, 29, 31, 34
0, 0, 0, 0, 0, 0, 0, 0, 0, 0, 0, 0, 0, 0, 1, 1, 1, 1, 1, 1, 1, 2, 2, 2, 4, 7, 9, 11, 12, 13, 15, 16, 17, 18, 20, 21, 23, 25, 28, 30, 33
0, 0, 0, 0, 0, 0, 0, 0, 0, 0, 0, 0, 0, 1, 1, 1, 1, 1, 1, 1, 1, 1, 2, 2, 3, 6, 8, 10, 11, 13, 14, 15, 17, 18, 19, 21, 22, 24, 27, 30, 32
1, 1, 1, 1, 1, 1, 1, 1, 1, 1, 1, 1, 1, 1, 1, 1, 1, 1, 1, 1, 1, 1, 2, 2, 2, 5, 7, 9, 11, 12, 13, 15, 16, 17, 18, 20, 21, 23, 26, 28, 31
1, 1, 1, 1, 1, 1, 1, 1, 1, 1, 1, 1, 1, 1, 1, 1, 1, 1, 1, 1, 1, 1, 2, 2, 2, 3, 6, 8, 10, 11, 13, 14, 15, 17, 18, 19, 21, 22, 24, 27, 30
1, 1, 1, 1, 1, 1, 1, 1, 1, 1, 1, 1, 1, 1, 1, 1, 1, 1, 1, 1, 1, 1, 2, 2, 2, 2, 5, 7, 9, 10, 12, 13, 14, 16, 17, 18, 20, 21, 23, 26, 29
2, 2, 2, 1, 1, 1, 1, 1, 1, 1, 1, 1, 1, 1, 1, 1, 1, 1, 1, 1, 1, 1, 1, 2, 2, 2, 2, 5, 7, 9, 11, 12, 13, 15, 16, 18, 19, 20, 22, 24, 27
2, 2, 2, 2, 2, 2, 2, 1, 1, 1, 1, 1, 1, 1, 1, 1, 1, 1, 1, 1, 1, 1, 1, 1, 2, 2, 2, 2, 4, 7, 9, 11, 12, 14, 15, 17, 18, 20, 21, 23, 26
2, 2, 2, 2, 2, 2, 2, 2, 2, 2, 2, 2, 1, 1, 1, 1, 1, 1, 1, 1, 1, 1, 1, 1, 1, 1, 2, 2, 2, 3, 7, 9, 11, 12, 14, 16, 17, 19, 20, 22, 25
7, 7, 7, 6, 5, 4, 2, 2, 2, 2, 2, 2, 2, 2, 2, 1, 1, 1, 1, 1, 1, 1, 1, 1, 1, 1, 1, 2, 2, 2, 3, 7, 9, 11, 13, 15, 16, 18, 19, 21, 23
9, 9, 9, 8, 8, 7, 6, 6, 4, 3, 2, 2, 2, 2, 2, 2, 2, 1, 1, 1, 1, 1, 1, 1, 1, 1, 1, 1, 1, 2, 2, 4, 7, 10, 12, 14, 15, 17, 19, 20, 22
11, 11, 11, 10, 10, 9, 9, 8, 7, 6, 6, 4, 2, 2, 2, 2, 2, 2, 1, 1, 1, 1, 1, 1, 1, 1, 1, 1, 1, 2, 2, 2, 5, 8, 10, 13, 14, 16, 18, 19, 21
12, 12, 12, 12, 12, 11, 10, 10, 9, 9, 8, 7, 6, 5, 3, 2, 2, 2, 2, 1, 1, 1, 1, 1, 1, 1, 1, 1, 1, 1, 2, 2, 2, 7, 9, 11, 13, 15, 17, 19, 20
14, 14, 14, 14, 13, 13, 12, 12, 11, 10, 10, 9, 8, 7, 6, 5, 2, 2, 2, 1, 1, 1, 1, 1, 1, 1, 1, 1, 1, 1, 1, 2, 2, 4, 8, 10, 12, 14, 16, 18, 20
15, 15, 15, 15, 14, 14, 14, 13, 13, 12, 12, 11, 10, 9, 9, 8, 6, 2, 2, 2, 1, 1, 1, 1, 1, 1, 1, 1, 1, 1, 1, 1, 2, 2, 6, 9, 11, 13, 15, 17, 19
17, 17, 17, 16, 16, 15, 15, 15, 14, 14, 13, 13, 12, 11, 11, 10, 8, 6, 2, 2, 2, 1, 1, 1, 1, 1, 1, 1, 1, 1, 1, 1, 2, 2, 4, 8, 10, 13, 14, 16, 18
18, 18, 18, 18, 17, 17, 16, 16, 15, 15, 14, 14, 13, 13, 12, 11, 10, 8, 6, 2, 2, 1, 1, 1, 1, 1, 1, 1, 1, 1, 1, 1, 2, 2, 3, 7, 10, 12, 14, 15, 17
19, 19, 19, 19, 18, 18, 18, 17, 17, 16, 16, 15, 15, 14, 14, 13, 12, 10, 8, 5, 2, 2, 1, 1, 1, 1, 1, 1, 1, 1, 1, 1, 2, 2, 2, 7, 9, 11, 13, 14, 16
20, 20, 20, 20, 20, 19, 19, 18, 18, 17, 17, 16, 16, 15, 15, 14, 13, 12, 10, 8, 5, 2, 2, 2, 1, 1, 1, 1, 1, 1, 1, 2, 2, 2, 2, 6, 8, 10, 12, 14, 15
22, 22, 22, 21, 21, 20, 20, 20, 19, 19, 18, 18, 17, 17, 16, 16, 15, 13, 12, 10, 8, 6, 2, 2, 2, 2, 2, 1, 1, 2, 2, 2, 2, 2, 3, 6, 8, 10, 11, 13, 14
23, 23, 23, 23, 22, 22, 21, 21, 20, 20, 19, 19, 18, 18, 17, 17, 16, 15, 14, 12, 11, 9, 7, 4, 2, 2, 2, 2, 2, 2, 2, 2, 2, 2, 4, 6, 8, 9, 11, 12, 13
25, 25, 25, 25, 24, 24, 23, 22, 22, 21, 21, 20, 19, 19, 19, 18, 17, 16, 15, 14, 13, 11, 10, 8, 7, 6, 4, 2, 2, 2, 2, 2, 2, 3, 5, 6, 7, 9, 10, 11, 13
28, 28, 28, 27, 26, 25, 25, 24, 23, 23, 22, 21, 21, 20, 20, 19, 19, 18, 17, 16, 14, 13, 12, 11, 10, 9, 8, 7, 6, 5, 5, 4, 4, 5, 6, 6, 7, 9, 10, 11, 12
30, 30, 30, 29, 28, 28, 27, 26, 25, 25, 24, 23, 22, 22, 21, 21, 20, 19, 18, 17, 16, 15, 14, 13, 12, 12, 11, 10, 9, 8, 8, 7, 7, 7, 7, 7, 8, 9, 10, 11, 12
32, 32, 32, 31, 30, 30, 29, 29, 28, 27, 26, 25, 24, 24, 23, 22, 21, 21, 20, 19, 18, 17, 16, 15, 15, 14, 13, 12, 12, 11, 10, 10, 9, 9, 9, 9, 9, 9, 10, 11, 11
33, 33, 33, 33, 32, 32, 31, 31, 30, 29, 29, 28, 27, 26, 25, 24, 23, 22, 21, 20, 20, 19, 18, 17, 17, 16, 15, 15, 14, 13, 13, 12, 11, 11, 10, 10, 10, 10, 10, 11, 11
35, 35, 35, 35, 34, 34, 33, 33, 32, 32, 31, 30, 30, 29, 28, 27, 26, 25, 24, 23, 22, 21, 20, 19, 18, 18, 17, 17, 16, 15, 15, 14, 13, 13, 12, 12, 11, 11, 11, 11, 11
37, 37, 37, 36, 36, 36, 35, 35, 34, 34, 33, 33, 32, 31, 31, 30, 29, 28, 26, 25, 24, 23, 22, 21, 20, 20, 19, 18, 18, 17, 16, 16, 15, 14, 14, 13, 13, 12, 12, 11, 11
39, 39, 39, 38, 38, 37, 37, 37, 36, 36, 35, 35, 34, 34, 33, 32, 32, 31, 30, 29, 27, 26, 25, 24, 23, 22, 21, 20, 20, 19, 18, 17, 17, 16, 15, 15, 14, 13, 13, 12, 11
40, 40, 40, 40, 40, 39, 39, 39, 38, 38, 37, 37, 36, 36, 35, 35, 34, 33, 33, 32, 31, 30, 29, 28, 26, 25, 24, 23, 22, 21, 20, 19, 18, 17, 17, 16, 15, 14, 13, 13, 12
